<?xml version="1.0"?>
<opencv_storage>
<calibrationDate>"Tue 13 Feb 2018 10:30:01 PM EST"</calibrationDate>
<framesCount>28</framesCount>
<cameraResolution>
  800 600</cameraResolution>
<cameraMatrix type_id="opencv-matrix">
  <rows>3</rows>
  <cols>3</cols>
  <dt>d</dt>
  <data>
    6.0120166451242994e+02 0. 4.1530054252333446e+02 0.
    6.0120166451242994e+02 3.0533789701636658e+02 0. 0. 1.</data></cameraMatrix>
<cameraMatrix_std_dev type_id="opencv-matrix">
  <rows>4</rows>
  <cols>1</cols>
  <dt>d</dt>
  <data>
    0. 3.7745198391931090e+00 7.4912373567801738e-01
    6.2137288816531377e-01</data></cameraMatrix_std_dev>
<dist_coeffs type_id="opencv-matrix">
  <rows>1</rows>
  <cols>5</cols>
  <dt>d</dt>
  <data>
    1.6251197709979209e-01 -4.0583984266101458e-01 0. 0.
    2.6066515745861163e-01</data></dist_coeffs>
<dist_coeffs_std_dev type_id="opencv-matrix">
  <rows>5</rows>
  <cols>1</cols>
  <dt>d</dt>
  <data>
    8.5680394126072552e-03 3.6358243901281374e-02 0. 0.
    5.0303993056890511e-02</data></dist_coeffs_std_dev>
<avg_reprojection_error>1.9620944737570725e-01</avg_reprojection_error>
</opencv_storage>
