<?xml version="1.0"?>
<opencv_storage>
<calibrationDate>"Fri Mar 30 14:16:17 2018"</calibrationDate>
<framesCount>16</framesCount>
<cameraResolution>
  1280 720</cameraResolution>
<cameraMatrix type_id="opencv-matrix">
  <rows>3</rows>
  <cols>3</cols>
  <dt>d</dt>
  <data>
    1.5887397658657463e+04 0. 6.2025313227993240e+02 0.
    3.7059267125204024e+04 3.4503345804205600e+02 0. 0. 1.</data></cameraMatrix>
<cameraMatrix_std_dev type_id="opencv-matrix">
  <rows>4</rows>
  <cols>1</cols>
  <dt>d</dt>
  <data>
    6.1865741048189690e+01 4.1544457957133829e+01 1.5006556936657866e+01
    6.1949067582363583e+01</data></cameraMatrix_std_dev>
<dist_coeffs type_id="opencv-matrix">
  <rows>1</rows>
  <cols>5</cols>
  <dt>d</dt>
  <data>
    2.1787349896274993e+01 -9.9973633074820264e+03
    -6.5021788916886456e-03 1.4618186848475689e-01
    -2.6493981686988466e+01</data></dist_coeffs>
<dist_coeffs_std_dev type_id="opencv-matrix">
  <rows>5</rows>
  <cols>1</cols>
  <dt>d</dt>
  <data>
    4.2304673382017715e+00 1.6996466828218261e+03 4.0197815718899979e-02
    3.3406219573104967e-02 2.9906350527634333e+00</data></dist_coeffs_std_dev>
<avg_reprojection_error>2.4027848950271122e-01</avg_reprojection_error>
</opencv_storage>
