<?xml version="1.0"?>
<opencv_storage>
<calibrationDate>"Sun Apr  8 14:58:37 2018"</calibrationDate>
<framesCount>29</framesCount>
<cameraResolution>
  1920 1080</cameraResolution>
<cameraMatrix type_id="opencv-matrix">
  <rows>3</rows>
  <cols>3</cols>
  <dt>d</dt>
  <data>
    1.5703710903422268e+03 0. 9.7056693062812155e+02 0.
    1.5703710903422268e+03 4.8353696779159912e+02 0. 0. 1.</data></cameraMatrix>
<cameraMatrix_std_dev type_id="opencv-matrix">
  <rows>4</rows>
  <cols>1</cols>
  <dt>d</dt>
  <data>
    0. 4.8523134375098422e+01 4.6673732780541064e+00
    8.0202393506425924e+00</data></cameraMatrix_std_dev>
<dist_coeffs type_id="opencv-matrix">
  <rows>1</rows>
  <cols>5</cols>
  <dt>d</dt>
  <data>
    1.2457671123043600e-02 -3.0003942670276279e-01 0. 0.
    3.0109268153609736e-01</data></dist_coeffs>
<dist_coeffs_std_dev type_id="opencv-matrix">
  <rows>5</rows>
  <cols>1</cols>
  <dt>d</dt>
  <data>
    1.0477494709088939e-02 5.9746357390038148e-02 0. 0.
    8.7938316278522805e-02</data></dist_coeffs_std_dev>
<avg_reprojection_error>1.4296028901220312e-01</avg_reprojection_error>
</opencv_storage>
