<?xml version="1.0"?>
<opencv_storage>
<calibrationDate>"Tue 13 Feb 2018 08:36:55 PM EST"</calibrationDate>
<framesCount>29</framesCount>
<cameraResolution>
  1280 720</cameraResolution>
<cameraMatrix type_id="opencv-matrix">
  <rows>3</rows>
  <cols>3</cols>
  <dt>d</dt>
  <data>
    9.8434614982122355e+02 0. 6.6408105838225254e+02 0.
    9.8434614982122355e+02 3.6650422100175717e+02 0. 0. 1.</data></cameraMatrix>
<cameraMatrix_std_dev type_id="opencv-matrix">
  <rows>4</rows>
  <cols>1</cols>
  <dt>d</dt>
  <data>
    0. 5.0098775319873141e+00 1.0455221970781468e+00
    8.1212016060297443e-01</data></cameraMatrix_std_dev>
<dist_coeffs type_id="opencv-matrix">
  <rows>1</rows>
  <cols>5</cols>
  <dt>d</dt>
  <data>
    1.6486418305051395e-01 -2.9720578074533305e-01 0. 0. 0.</data></dist_coeffs>
<dist_coeffs_std_dev type_id="opencv-matrix">
  <rows>5</rows>
  <cols>1</cols>
  <dt>d</dt>
  <data>
    5.8771287715071443e-03 1.1653499665504701e-02 0. 0. 0.</data></dist_coeffs_std_dev>
<avg_reprojection_error>2.7814678843080270e-01</avg_reprojection_error>
</opencv_storage>
